MSE: 0.972328
MAE: 0.777768
CosineSimilarity: 0.258228
Smoothness: 0.003771
