MSE: 0.982492
MAE: 0.782226
CosineSimilarity: 0.239391
Smoothness: 0.006346
